100
883 886 777 415 293 835 886 492 0 421 362 0 0 559 263 0 540 426 172 736 0 368 567 429 782 530 362 0 67 0 929 0 522 558 569 0 0 0 511 0 729 873 921 419 284 37 698 824 815 870 413 526 91 980 956 873 362 170 496 781 0 0 584 327 836 5 346 729 313 857 624 0 582 45 314 867 434 0 543 0 0 0 276 0 788 84 903 0 254 0 432 60 176 0 739 0 226 0 594 539 
795 70 434 0 467 0 0 902 0 492 652 0 301 0 0 0 0 689 0 119 940 729 531 0 597 0 981 0 0 427 567 856 497 0 0 965 0 683 719 0 28 0 0 329 3 0 270 0 208 215 340 0 0 0 0 745 0 951 421 0 0 988 764 728 841 350 193 0 0 0 624 0 0 356 243 0 227 865 0 436 0 551 437 0 275 407 474 121 0 895 29 0 735 793 818 428 0 0 0 0 
776 904 943 763 113 38 0 340 904 0 0 0 369 417 917 996 824 243 0 683 0 0 772 725 0 90 5 0 0 286 669 0 42 464 697 507 855 304 848 611 122 828 299 843 0 68 340 922 311 310 105 301 661 0 0 305 0 236 0 126 522 965 0 916 282 758 0 0 0 0 600 36 452 899 879 550 968 71 0 131 381 430 433 0 160 663 199 0 899 496 459 273 313 168 0 595 926 0 584 840 
0 0 876 42 936 607 945 756 679 918 887 0 0 172 159 9 836 710 342 587 0 801 0 372 0 0 0 0 0 404 439 811 440 167 0 228 0 650 984 658 420 724 922 269 896 0 630 584 292 972 0 350 625 885 722 799 640 542 398 713 0 0 24 590 209 81 819 0 732 655 494 4 0 269 273 776 0 0 0 142 0 0 493 205 0 67 0 613 961 254 0 759 0 202 202 506 284 0 342 0 
528 0 0 408 0 498 36 0 253 248 303 0 133 0 390 0 67 246 368 0 500 546 288 797 749 490 0 0 363 497 0 892 186 0 152 496 475 188 657 729 436 960 914 921 960 0 0 0 50 248 556 902 794 0 199 43 539 2 0 903 500 0 647 0 0 0 35 134 0 692 0 627 504 629 49 0 785 0 0 835 177 400 238 971 449 789 0 988 792 0 743 144 0 0 0 0 0 69 326 0 
761 42 360 117 0 761 81 309 690 0 0 867 677 234 690 0 0 557 614 668 705 0 812 886 100 846 726 0 916 0 78 529 0 790 647 970 51 0 131 0 0 127 812 886 714 355 512 590 912 0 110 469 189 0 0 641 620 933 987 388 838 0 0 784 356 417 606 760 349 737 705 559 0 18 0 783 373 458 0 137 789 0 607 978 0 814 471 729 600 0 0 0 0 888 0 233 157 181 993 858 
0 199 0 0 569 0 622 0 673 847 0 0 0 890 0 0 557 615 521 0 574 491 0 451 231 0 0 740 54 530 98 0 0 16 16 502 231 639 296 904 338 580 0 21 0 0 0 879 477 685 536 0 0 483 707 259 357 244 999 411 0 0 236 0 318 605 63 549 0 711 305 434 0 375 455 114 589 268 993 0 0 382 0 982 0 530 93 74 0 0 486 753 0 0 314 213 179 377 762 275 
0 0 710 0 294 17 0 0 637 0 0 443 73 0 0 0 710 18 217 336 0 0 0 0 630 0 71 0 633 0 289 573 0 0 305 250 0 503 0 506 195 0 949 620 967 0 763 177 96 981 865 60 536 455 270 18 711 342 32 196 379 321 770 0 172 0 234 40 783 572 898 0 563 347 450 30 73 0 559 522 0 0 582 435 732 0 454 0 398 486 140 778 0 0 762 183 41 0 223 824 
772 0 654 0 321 0 0 747 0 776 0 718 701 703 0 0 407 459 228 806 0 720 84 0 834 0 0 876 0 215 552 671 189 59 506 510 16 724 109 39 0 0 0 0 581 0 0 989 426 67 647 223 787 731 32 122 781 375 0 679 590 754 0 0 813 357 494 0 0 603 0 0 482 0 987 0 796 825 904 0 892 51 297 532 0 681 0 415 0 0 0 499 462 0 483 0 154 977 0 87 
432 0 21 0 0 0 0 711 685 586 785 430 990 0 0 976 616 820 0 525 528 0 0 990 0 360 0 143 0 928 582 621 810 955 388 725 815 70 0 353 0 722 783 850 657 597 327 126 269 571 651 0 410 528 639 398 888 610 893 0 390 0 199 52 931 587 777 599 657 0 952 517 641 235 0 0 0 195 276 305 766 928 0 28 308 593 778 0 55 172 774 445 500 0 497 283 412 127 882 0 
0 334 439 334 921 659 485 957 854 761 0 472 541 0 852 850 662 482 899 717 654 173 15 6 351 864 290 763 991 0 0 0 359 328 0 0 987 356 0 341 0 852 0 511 569 517 0 83 0 0 800 506 138 0 864 489 532 0 104 375 0 0 0 38 0 136 170 956 844 0 149 814 965 0 0 386 683 39 469 535 0 121 0 0 0 0 631 673 764 735 0 795 377 0 833 698 0 0 155 793 
0 656 460 933 823 286 171 358 677 640 0 681 761 0 823 550 0 0 75 364 0 0 0 0 0 844 969 0 0 0 883 0 633 0 804 0 481 975 666 11 467 412 692 0 402 368 631 2 674 707 718 216 683 377 487 472 73 0 562 0 0 297 996 918 141 653 0 974 480 393 985 948 805 530 0 59 898 160 62 424 0 780 641 402 10 0 0 83 289 640 0 223 938 0 0 0 210 0 905 690 
113 391 138 0 921 0 0 671 180 243 0 0 0 588 654 0 569 732 0 0 0 30 0 0 0 279 0 149 0 851 839 464 0 0 586 0 0 415 186 381 0 134 633 887 722 0 773 143 519 742 0 744 0 139 759 0 418 353 0 769 0 904 0 0 734 319 815 935 0 0 169 950 0 802 337 0 589 0 0 0 704 0 0 329 403 316 0 821 0 0 443 0 861 528 878 447 0 545 0 787 
399 51 589 386 853 926 0 294 536 6 607 92 0 164 421 320 480 666 0 354 623 437 0 0 0 812 431 0 209 665 656 608 0 0 995 422 671 0 0 59 0 176 152 71 340 925 743 0 91 0 27 0 378 312 0 196 0 333 0 186 999 370 794 568 115 641 0 0 437 0 0 590 0 202 0 631 0 257 304 71 0 683 0 225 995 0 421 972 226 134 0 0 856 452 645 972 0 839 611 383 
603 661 0 542 0 839 0 844 0 330 0 0 0 0 19 860 0 792 332 0 0 0 0 635 795 598 107 741 0 0 0 540 584 0 0 300 992 0 0 940 0 0 735 0 0 0 664 0 751 0 0 530 0 0 0 986 302 125 579 591 47 907 0 631 0 0 931 553 0 927 0 0 0 0 0 0 687 639 0 0 488 894 820 680 598 486 518 0 963 0 695 0 505 679 142 66 598 0 972 478 
853 966 297 748 547 272 516 86 912 159 377 0 0 0 932 503 535 0 607 0 0 154 0 406 834 3 825 284 0 297 763 0 115 0 381 0 185 897 0 0 0 329 0 0 379 0 316 914 0 0 0 986 0 0 0 0 0 0 252 0 0 0 0 333 928 276 0 0 26 0 0 286 129 0 100 508 897 416 275 482 544 40 320 826 18 565 794 0 134 0 0 353 562 0 686 342 432 534 307 810 
334 0 0 815 0 0 0 882 465 451 216 0 843 537 687 861 0 0 860 88 0 0 441 793 924 0 0 208 162 0 0 496 163 966 0 500 0 0 234 332 790 450 193 133 0 880 994 0 0 354 0 0 0 323 738 0 0 373 311 465 668 181 0 0 0 0 535 0 0 769 0 0 72 391 0 0 123 0 57 0 293 0 0 620 614 871 371 918 96 0 0 764 67 0 800 67 0 0 0 0 
957 132 0 0 523 0 0 647 0 0 835 0 140 968 543 755 339 0 525 436 0 760 52 0 457 0 0 483 0 0 826 497 205 0 378 728 0 170 227 798 20 0 721 160 883 116 0 0 0 292 511 0 0 563 0 362 268 895 0 160 968 876 0 0 503 0 754 173 57 981 0 429 896 544 942 280 0 709 355 0 0 866 0 0 281 742 473 901 138 171 0 0 0 922 0 755 0 0 0 71 
923 0 500 320 500 0 952 12 0 0 0 858 0 894 617 158 136 0 0 626 114 973 937 365 748 921 0 409 863 900 832 286 504 0 958 0 127 410 0 0 569 0 841 446 874 0 605 0 0 165 489 367 0 0 732 738 0 705 0 562 457 832 848 961 0 307 0 0 0 0 0 139 0 470 585 392 780 42 254 0 207 743 0 550 0 985 0 720 190 140 134 647 0 983 461 0 142 130 0 63 
20 820 554 0 142 0 0 922 34 185 808 594 0 708 0 802 545 0 22 0 0 157 235 102 0 0 0 486 30 0 549 51 0 0 0 0 0 0 928 0 57 588 576 0 0 220 639 694 5 0 282 282 23 869 736 15 417 884 853 799 724 254 850 236 210 792 242 158 664 23 141 721 611 0 910 760 0 402 0 147 0 589 781 0 0 17 306 375 901 11 0 478 265 877 0 476 169 161 634 833 
536 0 406 0 697 0 760 839 570 0 986 486 508 267 777 466 636 0 0 37 0 0 867 212 596 434 0 0 595 174 450 0 0 0 0 851 0 742 190 447 661 0 934 0 295 563 135 931 851 180 0 797 0 688 0 496 0 901 114 569 0 916 552 82 625 182 933 502 0 0 949 790 0 735 460 0 0 947 0 0 0 0 299 0 589 513 376 563 266 490 0 194 259 536 276 884 0 0 238 0 
0 39 490 835 775 950 781 926 750 862 428 378 764 0 258 0 444 634 769 711 0 0 0 236 142 34 0 65 95 210 0 132 249 607 967 0 58 601 802 0 0 82 38 727 14 296 933 458 930 554 0 907 159 927 0 301 0 0 718 260 529 835 392 0 0 212 0 353 813 662 13 0 0 51 356 0 699 141 69 481 695 90 0 854 0 236 8 0 204 726 295 733 414 687 364 357 0 224 710 564 
0 723 193 834 0 901 445 325 0 866 806 589 956 0 295 826 0 303 860 340 0 0 0 648 695 290 0 446 866 567 0 604 0 408 290 0 161 735 93 55 101 0 644 0 0 0 0 935 447 448 0 681 456 0 0 0 342 834 449 60 0 664 664 43 0 955 0 0 542 256 140 996 359 0 0 10 928 846 0 0 0 0 556 250 0 385 253 319 71 0 380 324 219 0 367 144 0 530 229 246 
786 370 94 0 358 0 8 0 698 0 13 844 0 921 0 0 158 200 378 229 107 758 553 679 0 0 0 710 302 0 0 0 626 0 0 985 106 0 0 804 0 0 501 0 910 448 0 0 0 271 150 0 0 0 287 888 828 0 451 0 218 259 0 845 514 0 682 972 0 657 629 0 294 0 0 57 78 0 0 0 260 128 686 141 0 0 0 865 139 333 848 358 944 0 55 310 985 0 0 0 
246 412 0 893 42 800 950 120 789 928 50 0 0 737 42 741 914 0 458 0 609 158 264 54 0 319 716 0 260 499 763 506 0 318 0 0 0 0 277 0 629 328 0 186 0 0 0 0 979 589 737 89 747 0 495 880 524 0 499 784 211 114 143 326 784 42 132 0 96 761 718 725 0 231 0 210 0 0 0 0 835 983 58 82 837 553 0 213 617 314 998 0 780 0 6 64 35 138 23 131 
0 742 0 45 0 0 256 0 71 502 0 906 0 0 989 0 544 0 0 0 0 0 841 0 879 848 18 0 0 42 250 0 784 0 0 961 135 596 924 206 0 856 0 0 847 954 0 244 610 202 257 932 0 0 886 0 799 904 0 989 946 39 0 582 350 0 43 486 368 0 692 318 676 657 253 375 463 215 619 0 769 877 0 709 0 595 732 831 0 522 320 946 913 456 29 0 228 424 250 948 
244 0 118 0 804 372 147 0 939 0 0 209 848 0 0 528 350 855 0 350 229 531 148 0 988 177 906 68 954 8 0 0 0 0 970 607 711 0 726 503 0 771 0 788 526 0 0 876 541 27 78 0 559 226 765 399 404 523 467 0 532 688 0 687 676 0 0 239 51 872 742 0 144 306 780 0 0 949 398 886 0 476 509 387 702 126 0 0 649 458 168 0 0 428 720 674 158 514 914 562 
239 156 554 735 815 0 257 0 0 0 546 964 0 0 203 0 33 0 0 683 300 368 716 0 0 0 621 159 803 387 721 0 543 0 277 210 0 886 0 0 393 417 561 728 324 0 266 358 959 466 0 0 0 609 57 835 546 0 995 202 0 216 96 813 0 374 0 306 0 894 0 506 163 817 0 839 434 352 49 0 818 0 4 505 904 413 192 302 0 0 504 0 256 601 0 248 0 550 554 0 
296 809 445 811 126 180 502 912 532 552 0 203 846 0 0 250 427 0 553 371 940 0 584 48 510 111 648 337 0 54 277 161 863 0 0 0 0 326 754 639 878 764 842 225 777 402 827 0 154 0 75 0 0 660 0 300 0 642 990 988 696 119 0 412 0 0 254 948 151 0 87 0 624 929 459 0 183 0 0 337 0 34 636 0 0 630 109 669 125 0 157 0 70 158 85 0 0 339 0 486 
552 3 368 0 932 827 0 0 966 0 304 633 0 0 794 617 775 0 138 900 0 647 573 0 0 659 0 0 0 957 478 402 960 847 431 744 526 361 711 0 0 0 977 0 0 271 790 787 379 0 187 86 779 0 0 436 624 109 428 474 0 0 0 527 958 160 0 0 873 835 329 0 703 158 945 715 782 588 3 0 368 542 0 0 155 0 436 0 71 0 458 0 976 187 517 434 699 640 770 72 
327 0 0 0 110 994 598 892 82 953 553 802 347 652 0 855 614 91 486 0 160 944 0 0 0 45 422 0 0 44 0 0 0 0 0 106 649 697 0 0 502 403 738 850 0 392 205 521 835 691 411 995 488 0 983 823 336 257 358 226 302 0 91 650 0 190 0 622 888 958 557 0 0 0 740 0 540 0 641 0 841 0 0 0 0 0 652 533 0 0 759 470 0 850 0 0 0 0 774 780 
538 0 671 399 0 263 519 519 61 12 746 0 0 469 0 0 28 587 295 196 450 0 666 629 756 638 429 296 218 55 0 0 0 600 7 218 0 878 737 128 890 335 0 808 805 0 922 0 757 69 0 0 0 899 336 379 389 0 0 607 0 956 215 0 408 574 130 476 304 0 956 46 55 839 0 0 0 628 897 265 697 0 0 672 529 661 0 918 631 0 377 656 0 944 569 352 370 0 828 0 
0 284 0 30 0 779 94 984 259 991 0 0 973 74 481 2 735 737 0 0 520 501 874 111 0 0 815 667 0 143 193 0 780 117 204 0 896 298 591 8 0 693 0 762 767 650 0 354 0 0 572 759 241 0 0 538 242 538 0 89 682 250 263 314 367 467 0 116 765 865 124 906 58 0 520 825 591 488 0 831 228 251 90 469 197 0 0 791 352 0 0 0 166 0 200 885 814 473 0 79 
0 0 0 0 0 357 0 862 845 0 193 0 207 635 746 405 449 605 48 0 873 0 0 0 0 91 777 591 564 630 0 755 608 860 651 526 69 577 240 915 181 433 0 389 0 439 0 370 0 0 23 770 975 0 661 0 5 0 195 921 569 69 176 0 929 0 555 999 257 796 766 438 81 458 0 2 0 825 724 0 872 747 416 347 661 0 0 0 0 498 440 437 568 616 466 349 296 0 0 905 
669 966 196 751 277 0 0 26 0 330 0 425 0 88 772 943 18 0 461 0 426 901 323 994 370 789 196 0 662 396 424 0 0 620 935 140 847 892 518 400 0 543 825 4 983 450 947 0 378 0 887 804 0 62 651 32 851 847 0 366 0 326 550 0 0 337 450 998 0 969 0 0 12 0 0 0 378 755 849 0 663 236 764 677 651 0 709 354 0 612 720 0 0 0 0 0 107 471 939 189 
0 0 0 304 0 153 151 347 908 0 0 423 441 0 0 0 0 662 0 954 126 0 0 269 789 684 210 0 0 1 290 0 42 283 603 12 788 0 711 196 0 0 971 252 591 924 196 430 87 143 236 565 0 0 834 803 789 0 904 796 0 0 0 292 329 199 656 0 158 0 165 322 886 0 574 0 561 771 408 0 0 996 66 0 749 900 935 38 797 340 834 0 386 430 190 716 982 846 685 0 
714 851 314 452 840 0 430 253 864 0 0 630 686 172 762 287 0 197 325 721 889 0 620 0 442 810 492 0 509 29 269 75 880 583 527 220 324 0 474 0 999 580 670 538 752 0 825 676 482 0 0 0 0 870 0 457 532 491 734 0 521 0 0 253 438 496 826 763 305 152 803 157 732 326 695 336 258 20 0 0 23 0 964 38 632 963 848 0 307 82 0 828 0 0 0 375 23 759 0 328 
911 0 485 495 0 32 831 582 405 696 175 428 458 0 819 0 954 167 0 0 601 0 941 538 897 875 913 920 486 0 101 0 902 938 745 874 0 429 0 228 0 131 0 435 122 679 730 0 846 690 0 0 913 632 837 310 7 251 83 493 7 536 743 909 326 0 635 149 418 591 377 395 723 238 830 0 917 413 774 616 0 465 915 868 0 253 0 0 856 114 801 0 650 397 976 976 738 111 0 8 
702 355 403 277 593 85 0 11 498 0 627 806 418 42 174 367 647 0 323 3 0 0 0 969 726 694 446 0 805 424 0 360 779 727 637 225 0 964 236 515 566 0 0 984 109 0 0 757 201 527 760 520 856 831 0 82 25 788 46 0 0 370 43 491 0 0 716 0 497 0 481 0 0 654 899 0 0 751 0 0 131 702 575 987 33 565 0 411 205 0 446 0 691 489 760 992 373 329 958 870 
133 291 785 357 0 537 690 799 0 280 853 271 0 0 0 220 845 0 983 0 1 0 0 692 770 580 537 0 909 347 866 0 639 503 603 788 0 0 87 0 425 941 0 612 0 63 832 567 0 315 469 0 244 289 790 0 0 0 0 630 175 375 876 0 0 0 454 771 125 542 804 903 335 757 15 56 0 847 975 917 14 0 663 258 586 0 124 307 0 0 0 308 361 0 0 92 0 428 0 0 
0 872 0 157 481 0 566 153 592 41 0 958 338 585 0 924 539 192 83 672 177 0 0 538 0 0 982 0 586 0 0 409 422 0 918 0 0 0 0 689 378 979 147 716 64 215 493 955 407 576 479 585 801 311 0 895 469 0 486 0 0 757 317 486 757 0 241 503 72 149 0 450 0 0 18 397 55 511 204 815 0 684 0 0 0 227 488 317 37 974 0 101 583 190 587 0 277 828 696 701 
0 388 3 0 580 22 559 636 885 764 303 0 300 555 770 147 782 0 464 0 0 337 0 168 879 361 361 9 0 0 710 0 0 0 0 878 0 241 366 825 0 669 503 157 0 125 305 507 0 769 531 969 0 304 0 0 665 351 51 707 0 762 578 206 328 260 0 268 854 0 0 711 621 800 869 345 926 26 0 0 795 235 631 0 540 620 0 57 0 0 0 0 814 195 290 0 807 0 262 513 
179 560 77 800 0 946 0 0 0 54 800 971 289 0 578 0 904 579 91 727 279 0 811 0 254 0 0 0 0 203 779 8 763 856 0 975 654 10 614 478 64 0 0 353 198 880 387 0 0 478 0 238 537 345 184 0 299 0 0 128 328 337 489 0 46 149 918 700 159 32 0 223 299 0 929 497 509 0 803 820 646 336 0 0 0 95 827 0 220 737 313 548 0 802 491 0 0 0 0 0 
0 704 538 593 685 319 0 46 487 745 866 0 0 777 0 615 872 848 799 0 438 0 140 365 414 631 690 570 892 215 533 0 0 0 279 457 595 221 504 0 0 222 0 0 999 0 719 371 789 18 315 0 0 455 444 749 0 0 0 0 202 704 869 0 628 0 783 0 222 139 0 393 362 725 145 213 666 864 937 0 0 0 0 0 560 480 467 850 466 286 533 668 991 0 994 471 0 278 546 478 
417 555 871 779 133 0 993 799 0 782 755 819 534 791 888 0 0 207 797 589 494 0 0 337 85 0 0 0 0 558 820 300 0 191 0 0 412 0 546 0 558 153 0 0 944 556 0 0 763 688 509 109 519 619 798 956 223 458 0 106 0 618 758 982 0 0 728 73 818 126 70 228 280 0 173 76 645 65 0 0 753 505 370 124 0 0 0 0 127 0 305 0 349 0 978 10 957 558 436 275 
685 858 503 965 947 0 0 93 0 0 354 699 394 724 0 18 745 0 218 0 0 523 0 41 439 0 403 0 109 0 523 794 549 0 611 0 0 153 90 853 42 796 405 789 372 433 807 0 394 0 843 86 753 916 479 0 467 882 0 928 574 815 223 0 0 834 0 805 0 414 510 234 0 915 0 435 200 682 53 594 560 896 0 0 312 11 0 0 894 149 559 320 0 0 295 861 821 620 166 0 
0 677 0 0 444 0 384 645 656 437 91 0 185 0 0 849 0 90 480 881 591 0 53 407 0 701 0 347 173 287 211 59 964 310 8 260 0 744 0 587 33 0 655 218 0 888 0 0 978 399 0 69 291 0 828 169 0 597 868 0 884 0 89 700 0 449 960 173 0 718 0 0 919 620 0 0 8 0 0 0 617 806 260 908 0 0 0 614 538 797 292 274 728 381 974 618 830 786 0 876 
356 755 604 127 227 902 75 236 0 0 427 236 994 687 0 604 276 0 0 0 722 363 0 0 0 0 921 778 905 564 155 0 171 0 241 399 513 316 987 132 504 0 721 0 601 365 955 0 291 0 896 0 0 837 0 0 603 0 616 8 505 0 122 677 0 715 0 451 0 915 583 388 829 156 739 282 522 194 12 0 0 909 0 0 246 51 0 0 0 768 62 146 743 536 0 329 103 0 780 0 
518 215 726 199 372 0 481 0 160 494 0 0 255 0 0 853 0 0 554 0 763 968 0 358 356 0 687 459 965 0 446 0 183 0 534 907 0 0 653 150 9 416 383 264 61 578 0 110 574 524 0 189 344 0 548 701 996 0 0 461 55 458 796 590 131 0 0 121 0 650 623 59 0 0 675 331 84 645 441 0 0 240 0 365 226 600 0 74 335 727 887 742 37 183 0 168 365 0 641 63 
831 0 122 749 770 0 0 0 294 22 717 315 615 417 681 0 0 247 0 205 0 655 947 0 0 0 384 56 961 0 471 645 0 945 0 765 595 0 472 889 202 0 0 817 459 386 510 328 985 630 885 0 0 685 0 977 317 264 0 130 142 709 775 137 154 0 902 0 849 226 491 0 267 548 720 726 0 83 0 771 713 792 787 851 329 667 680 646 932 566 777 0 127 404 63 281 0 0 235 0 
43 0 0 311 126 604 0 0 687 0 0 252 941 675 0 0 0 284 417 774 0 46 0 0 450 0 463 729 0 698 357 0 276 0 140 754 492 30 0 31 178 905 284 0 80 240 0 0 876 159 0 931 557 602 760 0 571 75 588 357 773 945 538 0 0 0 655 530 0 173 562 91 0 0 63 0 290 0 0 0 316 984 597 873 86 210 0 0 285 173 218 0 0 757 0 8 288 468 539 201 
993 0 644 924 0 0 584 293 864 518 0 32 2 909 0 441 0 842 302 256 0 521 167 0 130 332 0 418 0 385 971 645 690 467 70 341 27 0 986 0 376 945 0 379 706 0 0 677 727 0 0 594 847 0 432 977 637 630 247 289 0 70 0 205 538 209 898 917 0 384 0 91 181 0 822 0 0 846 417 605 821 555 0 168 509 484 0 0 0 245 288 981 316 427 38 0 636 0 975 703 
524 487 0 0 128 469 797 0 167 67 611 988 622 311 9 0 0 7 0 0 604 622 594 920 0 984 978 537 772 453 92 0 941 0 854 0 559 151 0 727 570 538 567 0 0 928 28 849 935 10 815 392 984 0 164 885 0 0 274 518 448 366 315 241 457 21 162 0 524 441 595 0 980 15 0 682 943 0 383 731 31 0 0 0 0 139 753 0 0 0 224 231 246 891 824 703 0 987 923 289 
0 371 236 0 386 0 442 181 0 0 0 279 876 0 147 836 0 0 894 0 0 0 244 0 862 0 932 627 908 356 0 0 727 4 949 0 232 243 146 480 273 0 760 0 0 0 838 0 0 233 0 994 204 139 0 0 60 656 897 968 0 665 0 943 669 458 0 901 0 259 234 0 522 0 0 524 0 0 54 968 104 0 462 660 440 186 579 501 0 0 0 0 642 0 0 163 640 967 0 194 
78 151 373 600 0 202 0 0 73 31 922 178 0 236 838 420 423 0 921 470 246 0 733 0 0 440 0 566 260 0 0 338 323 0 939 320 539 916 274 612 947 0 790 927 285 481 199 0 750 0 30 996 68 0 736 0 56 992 911 668 0 523 0 0 508 0 308 0 565 935 864 12 983 154 0 0 987 343 828 238 316 0 0 736 826 823 0 0 315 493 402 0 0 260 0 377 262 628 276 827 
63 0 840 0 147 631 0 0 974 495 224 142 558 0 0 0 0 812 0 0 157 372 280 0 984 600 402 0 80 0 574 495 0 266 393 22 897 60 0 724 908 0 0 0 192 949 202 0 613 172 127 770 544 760 795 28 0 50 127 0 0 0 787 604 0 0 627 0 93 636 644 0 869 363 171 0 164 373 92 0 545 220 751 0 980 398 321 0 448 448 0 29 1 771 986 172 803 465 0 896 
0 385 749 0 0 0 0 0 145 0 893 0 253 496 983 85 895 157 0 0 605 0 225 959 884 63 0 187 528 0 0 833 110 0 507 0 810 96 0 0 129 0 0 734 69 0 819 964 0 948 807 652 0 0 111 445 0 94 984 475 0 920 0 0 458 668 0 120 764 0 0 0 891 0 479 0 667 150 776 361 0 83 0 659 0 0 0 0 423 940 743 242 361 903 523 819 71 866 939 0 
685 0 932 428 848 263 240 367 413 0 0 363 303 946 0 271 0 978 539 197 419 0 439 0 0 0 451 0 681 242 796 218 312 581 998 12 844 90 379 110 0 312 825 613 110 348 885 0 178 276 82 949 410 873 581 0 0 0 0 573 478 353 791 791 0 641 803 982 731 35 0 0 347 770 154 457 0 0 693 148 519 775 0 929 501 179 877 393 416 785 966 894 0 257 185 0 0 989 759 833 
0 703 726 223 0 0 0 0 0 225 444 143 0 394 0 706 925 0 0 0 439 565 736 430 0 921 558 924 762 169 609 638 873 0 0 0 0 745 0 0 0 790 0 28 0 0 734 609 0 685 451 57 102 0 839 0 960 0 0 223 419 161 861 0 348 575 0 0 172 189 959 347 979 998 375 0 962 0 124 932 646 927 989 748 966 681 876 427 931 780 650 0 0 363 0 141 0 190 409 315 
379 0 662 210 0 0 0 680 0 201 112 498 0 0 98 947 986 0 0 417 607 876 620 401 92 615 894 0 805 0 549 36 23 0 598 0 0 675 773 0 0 0 303 0 0 754 657 677 581 883 0 40 260 567 793 352 34 540 586 0 343 0 0 367 0 325 460 0 0 0 959 0 971 115 790 0 0 299 544 654 0 491 694 0 0 340 646 0 880 85 0 75 73 0 442 0 391 0 927 243 
989 738 0 460 853 965 327 926 0 871 80 947 0 775 0 0 0 740 68 847 825 0 922 898 0 217 0 160 0 802 755 0 40 578 625 0 396 952 672 160 323 753 0 537 380 0 661 347 441 729 46 0 784 0 0 553 389 539 0 713 0 320 526 0 0 4 0 147 956 652 307 132 257 267 669 989 0 0 0 409 560 234 527 197 54 43 750 444 582 668 0 423 988 536 656 0 540 636 0 0 
140 398 128 397 665 0 238 633 981 426 0 393 660 421 590 0 464 193 10 0 861 20 321 701 908 0 293 0 465 31 296 957 429 777 206 0 427 444 931 260 870 825 653 30 98 0 0 914 289 311 812 0 331 0 703 0 0 996 39 632 0 336 442 661 0 648 608 392 0 391 652 815 0 0 0 167 0 0 0 190 0 746 192 642 0 896 733 0 744 773 735 624 0 0 0 0 326 746 0 271 
0 618 0 58 423 0 226 677 783 160 867 0 0 0 236 842 808 969 945 52 242 181 0 203 0 0 0 536 765 95 807 754 713 746 813 0 382 0 666 18 51 385 0 0 649 200 0 0 0 449 362 264 630 0 819 841 0 949 0 675 0 0 0 610 635 742 599 0 633 117 0 684 854 0 846 4 51 350 313 73 0 675 337 634 918 0 0 828 605 204 3 502 0 285 0 376 0 211 598 513 
680 485 0 386 689 895 390 740 0 0 813 897 583 2 31 2 0 358 0 616 562 38 0 304 323 730 0 202 0 482 715 825 968 765 64 157 160 806 0 0 362 915 0 946 917 38 0 576 396 982 45 0 0 15 466 0 0 351 46 0 833 761 921 301 378 985 810 539 291 912 797 654 327 452 100 0 842 0 673 90 0 0 0 755 0 367 950 683 718 996 779 51 610 200 705 988 0 367 379 0 
0 0 982 458 128 0 203 0 186 0 0 0 798 0 676 735 180 478 271 898 0 0 0 937 0 506 777 0 0 0 115 0 833 0 316 0 0 519 0 0 599 0 0 249 862 0 984 0 0 0 0 325 0 945 0 907 304 892 0 30 549 0 0 234 760 203 48 644 0 37 715 173 0 707 422 0 227 259 0 226 14 0 551 24 487 666 0 0 58 830 0 959 492 0 0 104 116 94 748 0 
131 316 216 69 0 991 73 103 0 0 681 116 0 84 140 0 750 0 0 0 754 21 619 98 0 665 202 51 759 0 94 0 118 310 163 0 153 236 97 0 207 778 20 0 862 512 72 465 436 68 125 42 442 0 140 376 262 694 779 0 497 0 0 967 388 130 961 541 718 0 445 925 0 817 997 403 0 0 0 266 0 197 308 432 146 801 0 760 0 440 633 844 517 600 312 905 0 125 0 300 
36 744 77 0 61 0 331 0 644 403 508 986 601 0 0 0 470 0 360 465 370 0 0 888 446 122 645 380 599 592 681 987 188 0 916 249 685 0 492 181 503 0 0 0 0 0 0 0 0 0 457 238 0 267 0 559 741 623 939 192 68 472 0 256 435 596 858 0 695 202 0 0 54 0 0 0 0 0 0 772 977 376 0 0 995 0 501 588 816 293 781 884 765 461 0 0 0 0 0 604 
0 0 303 0 0 309 0 902 0 954 527 0 183 741 0 0 582 145 267 250 438 0 0 55 361 0 108 270 0 0 874 0 0 29 0 0 339 135 858 562 0 0 615 125 626 259 0 60 404 422 310 842 0 296 897 683 627 0 953 308 0 328 245 0 709 494 699 0 629 57 463 571 294 0 696 0 189 852 0 593 0 496 287 97 0 37 780 271 0 234 579 0 914 0 628 123 523 180 24 4 
589 487 576 884 417 124 657 607 976 842 52 0 190 340 0 0 377 480 106 271 0 0 156 480 0 0 956 90 168 980 94 758 319 0 494 0 0 3 195 975 0 600 578 0 0 630 0 169 0 181 792 0 0 0 10 786 0 966 0 0 798 0 715 0 0 61 705 0 64 0 672 0 705 102 0 497 0 0 0 0 0 662 577 0 463 939 0 252 757 845 561 55 0 0 24 717 190 0 414 255 
0 0 17 392 392 19 0 0 96 759 0 2 273 455 332 736 0 0 0 0 794 402 0 314 531 0 0 721 0 297 0 0 587 197 301 980 568 394 957 664 0 835 0 0 0 0 0 36 152 0 0 946 461 952 112 0 888 0 918 0 645 746 0 0 0 0 0 364 566 522 0 219 209 548 497 351 751 364 388 904 72 0 702 885 0 815 730 972 0 148 582 660 0 101 745 0 273 310 0 839 
0 936 0 0 336 760 246 0 0 986 843 48 0 398 934 999 0 516 471 0 664 0 388 410 7 0 305 633 0 212 0 0 0 235 0 688 995 474 627 971 0 323 0 0 0 806 725 786 0 49 866 838 0 106 100 314 92 405 947 389 969 0 370 0 7 246 509 0 720 0 825 0 664 697 759 237 355 0 0 529 33 0 0 340 0 320 655 0 725 102 533 547 226 903 368 233 2 0 439 0 
0 117 607 735 814 0 972 22 202 0 551 588 792 771 928 491 0 435 635 668 538 0 0 764 572 436 0 926 166 641 500 237 758 0 972 425 0 444 447 28 143 0 616 935 621 396 278 212 832 914 881 222 934 948 0 358 0 40 0 402 682 285 639 292 244 111 717 70 907 16 98 0 0 0 0 840 314 0 0 0 0 786 220 668 586 59 0 823 451 0 0 0 0 365 0 193 476 995 263 0 
0 713 138 0 279 0 571 945 0 476 944 0 114 0 550 0 75 429 376 527 93 453 512 393 818 790 586 147 286 0 383 150 414 521 233 0 349 0 843 145 485 287 27 951 0 930 504 379 211 0 0 304 186 270 0 0 0 136 3 199 190 386 701 956 908 0 854 109 0 197 607 279 484 986 83 787 416 939 18 628 672 0 0 858 47 834 714 0 0 0 511 365 0 64 0 0 202 0 0 0 
76 785 628 912 271 711 200 0 502 570 520 0 347 304 884 746 0 451 706 166 21 69 531 329 133 704 46 335 232 224 683 308 0 0 0 132 874 273 0 0 843 192 0 42 497 788 788 840 91 0 0 112 415 389 441 548 0 839 0 177 0 419 486 0 582 559 0 0 0 0 186 527 126 89 922 975 877 210 315 968 557 173 0 972 562 726 373 507 417 108 685 333 879 23 461 314 582 370 271 266 
304 809 0 430 898 567 0 628 778 572 448 187 745 381 0 159 0 384 666 376 845 0 709 224 0 0 538 456 393 0 0 0 470 0 0 221 491 236 849 121 808 0 308 405 530 0 564 489 352 0 866 0 0 427 274 0 450 0 617 0 0 192 745 500 116 725 721 607 0 422 729 974 220 0 0 0 0 796 92 562 527 958 259 461 237 885 270 688 902 0 384 580 0 0 0 400 706 654 0 872 
0 236 346 148 0 577 0 0 0 195 193 400 5 805 0 242 542 336 0 0 76 518 524 360 500 457 760 0 0 268 930 0 856 0 0 630 354 0 614 227 338 0 980 343 816 0 585 0 0 720 0 311 0 680 671 238 0 284 297 0 904 0 991 260 0 0 891 210 0 357 789 12 16 269 355 0 0 0 0 50 513 0 361 603 731 0 842 720 168 0 672 0 0 516 0 0 47 0 136 0 
0 926 0 301 0 442 0 0 587 0 0 0 0 274 555 0 158 249 238 327 240 0 251 0 278 84 0 678 0 22 400 0 948 486 247 995 0 585 858 367 820 0 319 0 0 875 623 408 0 0 0 0 976 0 176 106 0 413 784 0 435 36 0 235 875 480 0 655 0 941 0 737 565 194 695 462 0 0 0 0 0 809 0 860 648 0 967 923 352 603 858 0 640 739 0 367 0 0 0 0 
548 897 726 0 0 0 427 0 93 502 911 0 0 674 838 811 613 657 234 0 112 0 0 0 684 0 0 756 0 0 393 544 743 0 509 0 245 0 553 338 290 0 316 454 991 0 0 104 663 0 274 775 0 84 380 629 122 351 0 0 197 630 662 0 954 0 832 0 0 237 38 102 554 706 908 45 712 673 501 0 0 0 0 970 64 0 100 186 586 337 304 0 968 966 0 422 989 965 473 801 
54 863 0 608 69 663 0 781 188 359 0 0 339 863 684 403 745 0 590 183 0 0 171 0 713 0 568 554 0 0 0 0 757 0 783 0 977 641 812 0 0 320 880 0 0 416 594 781 405 0 0 379 931 0 525 496 291 0 0 59 0 0 0 595 72 666 274 0 0 0 0 0 258 800 0 294 0 444 0 473 481 0 852 264 0 229 0 22 174 662 81 13 772 316 608 845 0 0 747 0 
0 315 0 0 0 0 577 0 298 504 157 0 247 0 0 330 91 0 704 617 522 0 630 146 0 91 0 140 177 590 133 0 905 137 133 872 0 710 908 641 66 0 625 665 130 872 996 573 732 200 0 106 190 673 252 496 764 96 636 0 686 769 0 444 906 129 168 0 839 0 743 905 0 0 70 328 0 0 901 324 471 592 430 661 118 683 0 0 0 294 0 317 0 672 0 0 0 134 0 492 
62 871 249 260 0 672 588 683 942 0 0 0 934 0 927 0 973 937 0 604 83 667 0 351 191 0 26 0 0 154 689 0 0 0 196 616 463 0 0 257 0 807 523 911 0 0 815 571 0 806 28 0 0 154 526 516 0 552 361 0 706 0 0 231 0 251 847 509 239 998 766 216 306 0 0 256 91 0 0 182 453 0 357 778 0 883 0 0 287 508 0 993 411 0 76 105 180 0 966 771 
773 233 987 0 374 0 187 818 967 0 0 272 0 209 0 0 0 0 0 0 206 0 0 618 0 152 0 230 0 542 0 701 0 840 984 353 660 0 23 479 0 0 751 965 85 654 0 30 352 0 261 559 769 338 29 467 490 0 0 418 850 550 0 477 0 955 0 903 979 0 0 870 0 633 688 20 0 293 402 492 146 663 0 0 0 0 235 344 0 136 762 739 687 0 69 930 892 0 333 372 
0 215 94 0 0 782 117 0 0 519 333 74 34 236 0 0 169 428 232 410 565 0 1 104 931 70 0 675 174 219 0 0 434 0 82 486 776 199 327 704 718 0 0 0 100 972 992 269 252 76 0 817 0 0 921 0 0 807 381 130 0 280 467 312 274 549 799 0 0 0 607 318 0 238 274 0 62 0 564 314 0 95 0 0 0 0 0 0 565 204 418 443 485 885 756 0 286 407 0 0 
737 122 556 579 712 830 521 774 949 0 0 793 385 0 911 365 0 0 653 599 0 0 0 628 808 298 239 0 0 0 184 294 228 0 873 940 423 247 566 224 536 506 0 921 431 780 139 465 367 792 0 510 716 606 0 376 0 229 675 0 335 859 0 915 452 0 355 0 285 0 0 822 280 0 243 0 953 734 28 172 379 0 0 0 550 0 323 659 106 998 326 441 710 287 0 14 325 564 0 611 
338 44 0 618 0 528 533 0 0 561 0 494 505 878 89 0 402 764 567 860 615 0 0 177 384 11 191 709 575 284 172 0 328 105 735 546 986 0 217 0 329 412 95 0 142 536 0 897 152 513 257 767 258 59 944 642 422 0 203 998 271 376 0 600 833 351 0 319 119 215 272 801 979 367 487 0 0 433 519 0 946 776 675 0 0 472 698 110 459 0 0 731 130 0 0 963 0 0 135 398 
396 407 0 0 0 187 997 882 620 368 790 67 0 318 123 0 790 0 147 0 928 460 832 0 388 0 0 315 0 0 0 92 620 765 320 247 952 0 0 424 538 0 843 535 0 0 220 0 993 719 0 773 0 518 683 67 33 408 734 0 621 300 0 0 0 494 340 869 664 673 0 0 297 989 237 591 808 809 175 301 380 0 0 60 379 609 479 764 0 0 494 490 366 669 583 283 0 0 0 327 
449 0 381 0 786 618 190 94 279 365 747 660 578 673 720 957 0 51 222 4 0 0 494 483 237 0 766 253 0 770 932 506 568 0 105 206 784 295 301 0 0 0 224 91 574 0 0 708 0 474 712 0 43 59 448 632 341 67 0 398 837 670 905 257 484 0 464 0 157 0 0 0 0 0 112 443 56 13 0 256 487 716 221 530 0 0 15 320 0 0 719 778 422 124 0 0 0 0 0 143 
0 711 164 986 972 277 0 0 290 0 136 777 0 357 160 981 231 175 0 171 0 521 949 350 997 485 460 983 836 0 0 805 0 0 291 875 419 220 755 709 506 892 339 8 101 499 989 332 674 791 856 953 164 305 155 0 0 616 644 831 955 622 136 506 765 427 233 0 999 989 746 357 381 0 365 482 84 207 0 0 998 523 915 15 0 0 0 0 539 673 506 0 0 642 853 912 0 0 949 0 
927 195 130 0 0 847 643 216 0 310 178 905 0 0 920 865 0 948 892 407 121 0 754 269 892 107 0 0 45 630 938 973 825 0 781 957 0 276 0 674 938 203 431 623 149 203 341 17 0 0 425 0 0 0 42 876 138 0 542 183 706 332 8 31 604 0 0 223 0 0 0 857 70 532 0 219 735 673 588 387 407 0 160 391 0 554 0 34 277 661 218 0 0 226 0 449 220 0 0 139 
0 774 996 0 159 0 567 894 854 0 0 0 0 293 504 918 847 623 952 0 0 22 0 0 601 0 432 821 0 0 960 0 0 808 0 0 989 230 637 343 0 770 456 0 0 0 677 411 435 130 388 572 504 201 555 0 232 987 427 324 944 239 0 879 0 0 974 889 0 111 84 120 0 540 0 797 352 909 61 0 0 449 212 396 0 767 1 0 254 780 411 50 0 401 0 920 53 755 309 288 
0 393 760 952 0 992 249 489 754 662 128 645 0 340 0 966 0 0 0 213 675 0 615 547 365 397 319 771 0 628 0 871 0 671 323 10 516 924 499 0 87 980 415 51 0 309 0 0 556 923 345 83 887 961 631 0 0 950 876 0 431 787 733 656 310 0 0 826 833 370 948 0 0 216 0 23 525 0 155 0 615 500 0 355 313 647 460 523 450 0 386 0 975 0 389 0 0 0 964 713 
631 764 485 481 980 660 504 5 704 0 0 0 12 0 527 677 602 987 0 0 823 87 785 298 0 27 435 0 287 251 299 918 0 0 252 496 296 0 854 0 620 792 0 984 0 200 161 202 39 0 106 862 0 0 12 8 123 447 0 762 699 0 533 567 0 785 0 179 393 769 32 0 414 57 497 13 609 0 567 648 873 674 10 0 770 374 0 0 821 0 507 372 0 0 939 906 677 855 0 0 
124 0 936 538 378 286 904 987 0 0 135 0 997 497 697 267 871 732 364 544 362 0 0 589 764 708 0 0 415 284 0 892 605 801 282 983 0 0 470 0 0 957 759 655 0 308 0 0 0 139 222 255 215 0 0 980 0 0 0 319 328 0 0 934 792 345 417 380 32 0 468 0 697 0 697 0 36 472 0 0 964 107 536 0 98 232 0 2 276 0 673 605 776 736 391 421 0 808 0 0 
548 121 0 0 0 705 0 237 29 635 518 993 743 0 0 0 490 888 47 767 526 720 224 154 0 615 927 0 275 580 0 824 702 0 922 551 216 876 0 245 11 158 91 0 416 0 800 906 0 0 525 586 420 749 0 728 216 520 970 844 0 826 168 303 689 0 0 0 0 0 354 0 208 445 0 624 765 440 30 826 139 556 0 911 157 0 492 726 378 0 70 0 0 590 634 329 532 340 86 202 
38 441 235 598 0 0 0 856 667 0 182 0 660 446 570 0 0 0 396 330 229 466 661 0 0 0 199 440 487 637 994 877 0 0 0 0 0 0 525 624 0 707 283 462 5 0 132 309 0 880 991 201 0 152 71 0 0 622 194 434 0 0 0 838 0 138 859 0 0 0 703 0 943 986 451 948 0 935 0 0 315 749 0 161 0 141 0 53 763 461 488 523 149 651 213 0 790 0 0 977 
0 700 614 751 538 0 551 83 852 661 0 0 0 0 180 17 164 447 70 927 908 910 302 0 62 867 180 0 439 177 0 599 0 500 0 267 417 754 702 122 0 654 141 178 677 322 195 841 0 266 620 882 0 923 0 90 290 0 146 0 352 0 181 81 180 384 701 597 0 0 0 0 910 0 0 87 387 0 928 360 193 48 0 222 0 886 312 114 0 459 48 0 139 229 347 671 613 0 120 251 
0 0 157 714 905 0 801 0 168 581 152 714 981 247 936 805 0 100 0 0 559 0 960 0 48 160 221 0 0 342 117 0 386 274 578 0 515 0 0 0 812 439 250 294 0 38 0 0 138 0 570 0 0 382 952 0 542 26 0 251 720 0 115 0 199 694 897 0 925 0 603 238 475 853 532 14 0 483 0 233 205 107 135 98 490 0 391 0 0 199 135 686 124 603 292 675 0 41 242 0 
0 0 0 200 902 344 214 645 0 104 0 236 211 0 334 0 954 726 938 920 0 0 106 0 528 750 928 677 791 23 252 868 0 64 0 623 761 135 120 440 591 0 677 0 0 0 708 0 941 498 797 718 424 0 971 952 506 400 130 149 423 382 0 495 798 939 0 59 0 91 852 518 294 381 173 364 244 0 0 0 232 0 756 0 793 228 812 151 980 942 301 255 176 0 750 0 0 721 0 0 
0 738 54 310 0 579 675 216 665 916 254 897 454 0 757 99 90 69 251 0 0 552 0 392 723 928 219 333 501 106 221 517 0 628 827 0 0 354 0 372 0 490 121 576 0 878 0 91 0 0 13 0 683 191 408 258 0 628 943 120 0 0 989 782 292 316 802 0 671 0 724 793 28 0 222 29 576 0 472 728 0 837 744 564 0 0 0 999 281 617 0 0 281 960 0 574 0 656 926 800 
194 502 445 223 200 0 252 0 769 0 357 0 413 0 66 294 755 92 0 0 709 0 107 991 0 0 417 854 616 0 506 811 345 0 0 898 823 138 527 93 66 884 0 831 838 14 0 445 458 0 333 0 0 792 659 965 753 0 672 221 0 30 0 468 0 918 0 658 0 393 0 0 130 0 806 968 0 783 0 375 554 599 43 442 0 0 260 997 982 932 0 0 962 0 73 797 521 292 307 430 
